"INFORMATION"
"Fish_1_2_Control_Recording_4.smrx"
""
""
""
""
""

"SUMMARY"
"1"	"Evt+"	"0XingsFish2"	2000	""	1	0	0	1	0	""
"2"	"Evt+"	"0XingsFish1"	2000	""	1	0	0	1	0	""
"3"	"Waveform"	"Port1"	80000	""	1	0	0	0	0	""
"4"	"Waveform"	"Port2"	80000	""	1	0	0	0	0	""
"31"	"Marker"	"Keyboard"	1	""	1	0	0	1	0	""

"CHANNEL"	"1"

894.0746375
894.2245475
894.3347225
894.4716475
894.6429775
894.8112200
894.9674375
895.1327725
895.3438475
895.6063875
895.8111025
896.0808775
896.3105550
896.6233275
896.7588225
896.9265450
897.0652875
897.3362725
897.6262550
897.8206200
898.0747550
898.4492150
898.5990800
898.7327775
898.8868000
899.0568225
899.3153750
899.5844375
899.8127525
900.0240650
900.3710350
900.6948925
900.9801175
901.3326150
901.5838075
901.7940675
902.0102750
902.3204450
902.6317375
902.8014375
903.0175725
903.2727475
903.5562450
903.9055950
904.2055825
904.4486625
904.8117075
905.1622575
905.5200125
905.7186950
905.9271175
906.2762075
906.4167625
906.5669175
906.7638050
906.9692450
907.1419400
907.3527200
907.7201675
907.9713300
908.2089325
908.3784375
908.5330225
908.6914300
908.8965925
909.1192875
909.2863175
909.5592800
909.7461825
910.0279800
910.4183575
910.8195975
911.1175175
911.3826550
911.6070125
911.8700125
912.1400550
912.3843050
912.6178400
912.8182625
913.1605300
913.5565475
913.7699300
913.9354750
914.1079000
914.3240525
914.6988200
915.0494025
915.2901950
915.5754550
915.8258700
916.0943000
916.4037950
916.7075550
917.0073725
917.3312525
917.6469725
918.0284250
918.4017500
918.7186400
918.9370350
919.3080000
919.5578625
919.8411250
920.1787275
920.4878875
920.9018525
921.2332875
921.4642475
921.6597525
921.8516700
922.0913675
922.3777500
922.6910075
922.9806350
923.2565900
923.5512200
923.9404375
924.3554725
924.5743400
924.9569700
925.1044425
925.2627825
925.4198400
925.5528700
925.6814975
925.8122400
925.9490650
926.1030550
926.2743800
926.4324250
926.5667650
926.6348600
926.6616275
926.6764075
926.6886975
926.7017375
926.7749425
926.8592525
926.9485800
927.0536725
927.1921400
927.3283825
927.4926900
927.6778575
927.8620625
927.9994800
928.1040400
928.2342175
928.3926025
928.5872425
928.8820775
929.2034725
929.4798225
929.7855775
929.9769425
930.2077100
930.4550075
930.7136650
931.0492850
931.2854925
931.6027725
931.7925250
932.0731750
932.3980675

"CHANNEL"	"2"

894.0675375
894.1796350
894.3072400
894.4790300
894.6244600
894.7759650
894.9444175
895.0959975
895.3073950
895.4683825
895.6677925
895.8583300
896.1175975
896.2202025
896.3190850
896.4191550
896.5285800
896.6671825
896.8055175
896.9602975
897.1595125
897.2885050
897.4155025
897.5459525
897.6459475
897.7612975
897.8548350
897.9374400
898.0357375
898.1310400
898.2407325
898.3386200
898.4395375
898.5316725
898.6356850
898.7398050
898.8489425
898.9517500
899.0519175
899.1579350
899.2503200
899.3280350
899.4100925
899.4603425
899.4902075
899.5094725
899.5272650
899.5780525
899.6394975
899.7078050
899.7718525
899.8337875
899.9106025
899.9601925
900.0154425
900.0970975
900.1844475
900.2584875
900.3632125
900.4838450
900.6229575
900.7637500
900.9196100
901.0789675
901.2690275
901.4863725
901.6545775
901.7884725
901.9727600
902.1627775
902.2939775
902.3969025
902.4926075
902.5896950
902.6888325
902.7734300
902.8620275
902.9727400
903.0886625
903.2253275
903.3683950
903.5063100
903.6443950
903.7909700
903.9323175
904.0849350
904.2644050
904.4499025
904.5870075
904.7437850
904.8999275
905.0639950
905.2271125
905.4420875
905.6342750
905.8671350
906.0215675
906.1990850
906.4493800
906.6879750
906.8471300
907.0368950
907.2138750
907.3759300
907.5105375
907.6687475
907.7836675
907.8957350
908.0026850
908.1235075
908.2374050
908.3688275
908.4815300
908.5935650
908.7062700
908.8166225
908.9315150
909.0154475
909.0850350
909.1589375
909.2408300
909.3187825
909.4098825
909.5053700
909.5924025
909.6827575
909.7700400
909.8719500
909.9811750
910.1094025
910.2381175
910.3910625
910.5691650
910.7762075
910.9766050
911.1542875
911.3186600
911.4950700
911.7256350
911.9033900
912.0353500
912.1800150
912.3545700
912.5108375
912.6312475
912.7718750
912.9088475
913.0583325
913.2001050
913.3160400
913.4230250
913.5240175
913.6566100
913.8431000
914.0120850
914.1961300
914.3918275
914.6449975
914.8821950
915.1235175
915.3991775
915.6646800
915.9276875
916.1344025
916.3347725
916.4751225
916.6073850
916.7108050
916.8146700
916.9191500
917.0246350
917.1152875
917.1921100
917.2783025
917.3676650
917.4666975
917.5850600
917.7285600
917.8764000
918.0307375
918.2247325
918.4328050
918.6491350
918.9062125
919.1382725
919.3522950
919.5921875
919.8705225
920.1104775
920.3282225
920.6198525
920.8661375
921.0727350
921.3181650
921.5654175
921.7611250
921.9118650
922.1194500
922.3341750
922.5036150
922.6091075
922.7057325
922.8035000
922.9004075
923.0023375
923.1229325
923.2492025
923.3874700
923.5488825
923.6894100
923.8889825
924.1126475
924.3149300
924.4883450
924.7170100
924.9180025
925.0627500
925.2197150
925.3861000
925.5784250
925.6937775
925.8204850
925.9928950
926.1642575
926.3109975
926.4523375
926.5672525
926.6859975
926.8440425
926.9613375
927.0941075
927.2255750
927.3676575
927.5471175
927.7101750
927.8615400
928.0404825
928.1722125
928.3620425
928.5190400
928.6566575
928.7896825
928.9495250
929.1079875
929.3020200
929.4518675
929.5925800
929.7956525
929.9472875
930.1557775
930.3595075
930.5165350
930.6679250
930.8642800
931.0506150
931.1912725
931.3594100
931.5499550
931.7187250
931.8324850
931.9272175
932.0176775
932.1064175
932.1957100
932.2489125
932.2784850
932.2976025
932.3124075
932.3346250
932.4082400
932.4934325
932.5842475
932.6608600
932.7401950

"CHANNEL"	"3"


"CHANNEL"	"4"


"CHANNEL"	"31"


